0 3 true 3 3 130.865
1 3 true 3 3 131.449
3 3 true 3 3 140.792
4 3 true 3 3 150.326
5 3 true 3 3 122.485
6 3 true 3 3 127.151
7 3 true 3 3 131.892
9 3 true 3 3 137.291
10 3 true 3 3 118.134
11 3 true 3 3 127.029
13 3 true 3 3 134.273
14 3 true 3 3 139.343
15 3 true 3 3 136.589
16 3 true 3 3 122.243
17 3 true 3 4 128.319
18 3 true 3 3 123.832
19 3 true 3 3 135.752
21 3 true 3 3 129.724
22 3 true 3 3 132.384
23 3 true 3 3 136.031
24 3 true 3 3 145.812
25 3 true 3 3 120.896
26 3 true 3 3 124.084
27 3 true 3 3 124.716
29 3 true 3 3 90.0323
30 3 true 3 3 139.603
31 3 true 3 4 138.53
32 3 true 3 3 129.62
33 3 true 3 3 137.459
34 3 true 3 3 136.478
35 3 true 3 3 139.99
36 3 true 3 3 126.91
37 3 true 3 3 119.285
38 3 true 3 3 133.55
39 3 true 3 3 150.292
40 3 true 3 3 128.943
41 3 true 3 3 137.544
42 3 true 3 3 130.108
43 3 true 3 3 122.265
45 3 true 3 3 134.761
46 3 true 3 3 138.878
47 3 true 3 3 134.705
48 3 true 3 3 126.343
49 3 true 3 3 145.804
50 3 true 3 3 130.469
51 3 true 3 3 125.473
52 3 true 3 3 140.774
53 3 true 3 3 127.941
54 3 true 3 3 134.72
55 3 true 3 3 134.379
56 3 true 3 4 131.803
57 3 true 3 3 141.976
58 3 false 2 3 160.42
59 3 true 3 3 131.045
60 3 true 3 3 127.328
61 3 true 3 3 131.42
62 3 true 3 3 130.261
63 3 true 3 3 143.299
64 3 true 3 3 136.978
65 3 true 3 3 136.644
66 3 true 3 3 135.573
67 3 true 3 3 124.846
68 3 true 3 3 125.405
69 3 true 3 3 144.632
70 3 true 3 3 138.774
71 3 true 3 3 137.868
72 3 true 3 3 128.69
73 3 true 3 3 152.978
74 3 true 3 3 128.243
75 3 true 3 3 138.177
76 3 true 3 3 134.314
78 3 true 3 3 133.522
79 3 true 3 3 123.251
80 3 true 3 3 115.526
81 3 true 3 3 125.193
82 3 true 3 3 128.125
83 3 true 3 3 126.81
84 3 true 3 3 126.918
85 3 true 3 3 135.468
86 3 true 3 3 127.759
87 3 true 3 3 126.074
88 3 true 3 3 131.138
89 3 true 3 3 129.439
90 3 true 3 3 119.477
91 3 true 3 3 134.473
92 3 true 3 3 132.94
93 3 true 3 3 125.976
94 3 true 3 4 127.955
95 3 true 3 3 152.235
96 3 true 3 3 130.408
97 3 true 3 3 141.228
98 3 true 3 3 103.107
99 3 true 3 3 133.05
100 3 true 3 3 120.738
101 3 true 3 3 139.4
102 3 true 3 3 129.834
103 3 true 3 3 122.571
104 3 true 3 3 153.287
105 3 true 3 3 132.89
106 3 true 3 3 132.466
107 3 true 3 3 143.424
108 3 true 3 3 140.691
109 3 true 3 3 136.968
110 3 true 3 3 133.214
111 3 true 3 3 145.167
112 3 true 3 3 137.721
113 3 true 3 3 139.251
114 3 true 3 3 134.451
115 3 true 3 3 131.806
116 3 true 3 3 141.865
117 3 true 3 3 127.365
118 3 true 3 3 133.867
119 3 true 3 3 128.559
120 3 true 3 3 135.465
121 3 true 3 3 130.044
122 3 true 3 3 134.483
123 3 true 3 3 127.73
125 3 true 3 3 135.319
126 3 true 3 3 130.78
127 3 true 3 3 115.674
128 3 true 3 3 135.757
129 3 true 3 3 133.876
130 3 true 3 3 142.8
131 3 true 3 3 130.847
132 3 true 3 3 130.836
133 3 true 3 3 117.64
134 3 true 3 3 133.808
136 3 true 3 3 135.669
137 3 true 3 3 137.618
138 3 true 3 3 134.737
139 3 true 3 3 127.538
140 3 true 3 3 136.097
141 3 true 3 3 130.114
142 3 true 3 3 127.023
143 3 true 3 3 134.59
144 3 true 3 3 134.937
145 3 true 3 3 116.615
146 3 true 3 3 139.56
147 3 true 3 3 150.414
148 3 true 3 3 125.752
149 3 true 3 3 132.548
150 3 true 3 3 140.967
151 3 true 3 3 122.989
152 3 true 3 3 136.258
154 3 true 3 4 125.29
155 3 true 3 3 132.818
156 3 true 3 3 135.406
157 3 true 3 3 132.979
158 3 true 3 3 121.435
159 3 true 3 3 122.787
160 3 true 3 3 132.293
161 3 true 3 3 137.956
162 3 true 3 3 134.998
163 3 true 3 3 150.083
164 3 true 3 3 124.787
165 3 true 3 3 139.137
166 3 true 3 3 123.993
167 3 true 3 3 134.213
168 3 true 3 3 133.341
169 3 true 3 3 126.882
170 3 true 3 3 133.747
171 3 true 3 3 126.491
172 3 true 3 3 146.639
173 3 true 3 3 145.817
174 3 true 3 3 116.757
175 3 true 3 3 131.946
176 3 true 3 3 131.217
177 3 true 3 3 132.41
178 3 true 3 3 116.762
179 3 true 3 3 130.372
180 3 true 3 3 119.774
181 3 true 3 3 123.965
182 3 true 3 4 148.805
183 3 true 3 3 132.547
184 3 true 3 3 145.002
185 3 true 3 4 121.751
186 3 true 3 3 131.636
187 3 true 3 3 127.235
188 3 true 3 3 120.634
190 3 true 3 3 124.285
192 3 true 3 3 119.764
194 3 true 3 3 150.074
195 3 true 3 3 123.667
196 3 true 3 3 130.116
198 3 true 3 3 128.314
199 3 true 3 3 148.587
200 3 true 3 3 144.145
201 3 true 3 3 123.648
202 3 true 3 3 129.026
203 3 true 3 3 122.477
204 3 true 3 3 143.5
205 3 true 3 3 131.439
206 3 true 3 3 136.494
207 3 true 3 3 124.767
208 3 true 3 3 137.464
209 3 true 3 3 119.807
211 3 true 3 3 120.871
212 3 true 3 3 143.298
213 3 true 3 3 132.222
214 3 true 3 3 130.766
215 3 true 3 3 126.535
216 3 true 3 3 127.343
217 3 true 3 3 154.709
218 3 true 3 3 126.895
219 3 true 3 3 141.461
220 3 true 3 3 133.847
221 3 true 3 3 134.034
222 3 true 3 3 114.522
223 3 true 3 3 139.002
224 3 true 3 3 126.735
226 3 true 3 3 135.097
227 3 true 3 3 126.299
228 3 true 3 3 134.289
229 3 true 3 3 134.609
230 3 true 3 3 136.295
231 3 true 3 3 156
232 3 true 3 3 138.84
234 3 true 3 3 122.668
235 3 true 3 3 128.293
236 3 true 3 3 129.203
237 3 true 3 3 126.137
238 3 true 3 3 121.684
239 3 true 3 3 124.896
240 3 true 3 3 131.127
241 3 true 3 4 121.672
242 3 true 3 4 123.031
243 3 true 3 3 111.956
244 3 true 3 3 130.087
245 3 true 3 3 133.299
246 3 true 3 3 149.852
247 3 true 3 3 134.092
248 3 true 3 3 145.054
249 3 true 3 3 123.519
250 3 true 3 3 131.297
251 3 true 3 3 125.677
252 3 true 3 3 140.888
253 3 true 3 3 134.702
255 3 true 3 5 105.849
256 3 true 3 3 140.512
257 3 true 3 3 133.573
258 3 true 3 3 128.414
259 3 true 3 3 139.413
260 3 true 3 3 127.814
261 3 true 3 4 116.517
263 3 true 3 3 143.457
265 3 true 3 3 114.869
266 3 true 3 3 127.899
267 3 true 3 3 128.631
268 3 true 3 3 123.848
269 3 true 3 3 125.407
270 3 true 3 3 132.602
271 3 true 3 3 130.349
272 3 true 3 3 129.249
273 3 true 3 4 124.135
274 3 true 3 3 131.488
276 3 true 3 3 126.01
277 3 true 3 3 143.13
278 3 true 3 3 146.344
279 3 true 3 3 134.236
280 3 true 3 3 128.133
281 3 true 3 3 134.978
282 3 true 3 3 126.972
283 3 true 3 3 137.893
284 3 true 3 3 143.977
285 3 true 3 3 142.97
286 3 true 3 3 123.653
287 3 true 3 3 127.765
288 3 true 3 3 136.327
289 3 true 3 4 153.274
290 3 true 3 3 148.547
291 3 true 3 3 127.348
294 3 true 3 3 137.96
295 3 true 3 3 132.92
296 3 true 3 3 128.227
297 3 true 3 3 138.337
298 3 true 3 3 127.248
299 3 true 3 3 130.115
300 3 true 3 3 148.657
301 3 true 3 3 132.602
302 3 true 3 3 133.728
303 3 true 3 3 113.487
304 3 true 3 3 136.048
305 3 true 3 3 125.88
306 3 true 3 3 121.372
307 3 true 3 3 139.389
308 3 true 3 3 139.717
309 3 true 3 3 143.284
310 3 true 3 3 127.454
311 3 true 3 3 128.255
312 3 true 3 4 121.356
313 3 true 3 3 141.275
314 3 true 3 3 132.592
315 3 true 3 3 132.107
316 3 true 3 3 140.232
317 3 true 3 3 146.744
318 3 true 3 3 140.973
319 3 true 3 3 126.431
320 3 true 3 3 128.875
321 3 true 3 3 135.517
323 3 true 3 3 101.9
324 3 true 3 3 150.992
325 3 true 3 3 131.062
326 3 true 3 3 120.758
327 3 true 3 3 140.515
329 3 true 3 3 151.841
330 3 true 3 3 127.738
331 3 true 3 3 126.841
332 3 true 3 3 146.441
333 3 true 3 3 136.373
334 3 true 3 3 134.854
335 3 true 3 3 133.688
336 3 true 3 3 126.427
338 3 true 3 3 132.256
339 3 true 3 3 132.127
340 3 true 3 3 126.783
342 3 true 3 3 130.116
343 3 true 3 3 138.036
344 3 true 3 3 128.414
345 3 true 3 3 134.176
346 3 true 3 3 135.016
347 3 true 3 3 140.008
349 3 true 3 3 131.902
350 3 true 3 3 135.571
351 3 true 3 3 139.226
352 3 true 3 3 133.416
353 3 true 3 3 137.841
354 3 true 3 3 140.27
355 3 true 3 3 130.008
356 3 true 3 3 135.561
357 3 true 3 3 125.455
358 3 true 3 3 129.169
359 3 true 3 3 135.846
360 3 true 3 4 111.322
361 3 true 3 3 145.005
362 3 true 3 3 136.6
363 3 true 3 3 116.98
364 3 true 3 3 123.086
365 3 true 3 3 128.523
366 3 true 3 3 130.315
367 3 true 3 3 123.441
369 3 true 3 4 136.187
370 3 true 3 3 134.587
371 3 true 3 3 127.753
372 3 true 3 3 141.095
373 3 true 3 3 146.17
374 3 true 3 3 141.767
375 3 true 3 3 145.35
376 3 true 3 3 130.94
377 3 true 3 3 144.343
378 3 true 3 3 132.556
379 3 true 3 3 127.627
380 3 true 3 3 131.638
381 3 true 3 3 127.624
382 3 true 3 3 131.248
383 3 true 3 3 136.266
384 3 true 3 3 138.688
385 3 true 3 3 136.931
386 3 true 3 4 141.584
388 3 true 3 3 137.679
389 3 true 3 3 137.908
390 3 true 3 3 131.699
391 3 true 3 3 134.668
394 3 true 3 4 114.358
395 3 true 3 3 120.424
396 3 true 3 3 118.014
397 3 true 3 3 132.752
398 3 true 3 3 141.366
399 3 true 3 3 135.144
400 3 true 3 3 147.033
401 3 true 3 3 139.491
402 3 true 3 3 140.53
404 3 true 3 3 132.539
405 3 true 3 3 146.608
406 3 true 3 3 138.16
407 3 true 3 3 125.922
408 3 true 3 3 140.122
409 3 true 3 3 128.25
410 3 true 3 3 127.631
411 3 true 3 4 145.736
412 3 true 3 3 131.8
413 3 true 3 3 129.544
414 3 true 3 3 129.384
415 3 true 3 3 129.169
416 3 true 3 3 152.551
417 3 true 3 3 123.644
418 3 true 3 3 128.612
419 3 true 3 3 132.346
420 3 true 3 3 137.33
421 3 true 3 3 130.252
422 3 true 3 4 118.821
423 3 true 3 4 119.501
424 3 true 3 3 142.931
425 3 true 3 3 129.304
426 3 true 3 3 136.406
428 3 true 3 3 122.176
429 3 true 3 3 133.45
430 3 true 3 3 129.623
431 3 true 3 3 134.445
432 3 true 3 3 127.018
434 3 true 3 3 140.138
435 3 true 3 3 137.528
436 3 true 3 3 127.303
437 3 true 3 3 136.686
438 3 true 3 3 141.3
439 3 true 3 4 135.074
441 3 true 3 3 115.389
442 3 true 3 3 126.608
443 3 true 3 3 122.862
444 3 true 3 3 139.737
445 3 true 3 3 128.167
446 3 true 3 3 126.327
447 3 true 3 3 128.569
448 3 true 3 3 121.97
449 3 true 3 3 126.988
450 3 true 3 3 136.485
451 3 true 3 3 128.14
452 3 true 3 3 140.853
453 3 true 3 4 133.32
454 3 true 3 3 121.199
455 3 true 3 3 135.911
456 3 true 3 3 131.123
457 3 true 3 3 128.132
458 3 true 3 3 132.469
459 3 true 3 3 136.633
461 3 true 3 3 132.042
462 3 true 3 3 141.553
464 3 true 3 3 131.845
465 3 true 3 3 136.444
466 3 true 3 3 133.393
467 3 true 3 3 139.744
468 3 true 3 3 124.973
469 3 true 3 3 146.379
470 3 true 3 3 115.51
471 3 true 3 3 106.685
472 3 true 3 3 129.207
473 3 true 3 3 140.214
474 3 true 3 3 149.26
475 3 true 3 3 129.083
476 3 true 3 3 135.891
477 3 true 3 3 131.194
478 3 true 3 3 143.864
479 3 true 3 3 148.061
480 3 true 3 3 126.27
481 3 true 3 3 138.204
482 3 true 3 3 146.819
483 3 true 3 3 128.604
484 3 true 3 3 140.233
485 3 true 3 3 135.61
486 3 true 3 3 130.548
487 3 true 3 3 130.818
488 3 true 3 3 134.396
489 3 true 3 3 130.432
490 3 true 3 3 148.247
491 3 true 3 3 132.219
492 3 true 3 3 129.195
493 3 true 3 4 155.671
494 3 true 3 3 128.491
495 3 true 3 3 124.333
496 3 true 3 3 119.851
497 3 true 3 3 136.093
498 3 true 3 3 124.762
499 3 true 3 3 140.225
500 3 true 3 3 141.041
501 3 true 3 3 131.934
502 3 true 3 3 127.038
505 3 true 3 3 125.651
506 3 true 3 3 141.208
507 3 true 3 3 140.367
508 3 true 3 3 138.724
509 3 true 3 3 124.693
510 3 true 3 3 148.465
511 3 true 3 3 128.06
512 3 true 3 3 124.371
513 3 true 3 4 158.013
514 3 true 3 3 141.227
515 3 true 3 3 127.911
516 3 true 3 4 128.033
517 3 true 3 3 142.652
518 3 true 3 3 125.942
519 3 true 3 3 140.167
520 3 true 3 3 128.289
521 3 true 3 3 121.51
522 3 true 3 3 125.96
523 3 true 3 3 133.157
524 3 true 3 4 173.374
525 3 true 3 3 138.183
526 3 true 3 3 115.727
527 3 true 3 3 124.042
528 3 true 3 3 126.765
529 3 true 3 3 114.803
530 3 true 3 3 136.089
531 3 true 3 3 131.248
532 3 true 3 3 142.028
533 3 true 3 3 133.846
534 3 true 3 3 154.32
535 3 true 3 3 123.184
536 3 true 3 3 141.714
537 3 true 3 3 137.645
538 3 true 3 3 123.917
539 3 true 3 3 122.331
540 3 true 3 3 132.793
541 3 true 3 3 152.31
542 3 true 3 3 136.826
543 3 true 3 3 118.198
544 3 false 2 3 82.7806
545 3 true 3 3 127.179
546 3 true 3 3 145.847
547 3 true 3 3 120.929
548 3 true 3 3 141.181
549 3 true 3 3 138.388
550 3 true 3 3 129.583
551 3 true 3 3 124.784
552 3 true 3 3 134.541
553 3 true 3 3 135.928
554 3 true 3 3 142.683
555 3 true 3 3 129.029
556 3 true 3 3 138.087
557 3 true 3 3 174.443
558 3 true 3 3 144.488
559 3 true 3 3 144.497
560 3 true 3 3 142.815
561 3 true 3 3 129.714
562 3 true 3 3 129.381
563 3 true 3 3 120.506
564 3 true 3 3 131.598
565 3 true 3 3 142.026
566 3 true 3 3 131.293
567 3 true 3 3 127.667
568 3 true 3 3 127.541
569 3 true 3 3 131.403
570 3 true 3 3 130.011
571 3 true 3 3 144.036
572 3 true 3 3 132.127
573 3 true 3 3 137.466
574 3 true 3 4 129.114
575 3 true 3 4 117.204
576 3 true 3 3 136.521
577 3 true 3 3 125.948
578 3 true 3 3 125.608
579 3 true 3 3 141.209
580 3 true 3 3 141.07
581 3 true 3 3 123.982
582 3 true 3 3 124.427
583 3 true 3 3 132.28
584 3 true 3 3 138.513
585 3 true 3 3 137.815
586 3 true 3 3 136.643
587 3 true 3 3 143.211
588 3 true 3 3 134.299
589 3 true 3 3 131.983
590 3 true 3 3 133.749
591 3 true 3 3 135.754
592 3 true 3 3 137.791
593 3 true 3 3 125.162
594 3 true 3 3 125.87
595 3 true 3 4 145.628
596 3 true 3 3 124.745
597 3 true 3 3 136.339
598 3 true 3 4 115.701
599 3 true 3 4 106.491
600 3 true 3 3 134.231
601 3 true 3 3 135.716
602 3 true 3 3 138.363
604 3 true 3 3 134.732
605 3 true 3 4 137.496
606 3 true 3 3 130.059
608 3 true 3 3 126.883
609 3 true 3 3 139.568
610 3 true 3 3 137.028
611 3 true 3 3 129.847
612 3 true 3 3 120.403
614 3 true 3 4 162.88
615 3 true 3 3 128.191
616 3 true 3 3 141.774
617 3 true 3 3 124.33
618 3 true 3 3 140.766
619 3 true 3 4 118.052
620 3 true 3 3 123.806
621 3 true 3 3 141.425
622 3 true 3 3 126.479
623 3 true 3 3 132.752
624 3 true 3 3 134.177
625 3 true 3 3 140.28
626 3 true 3 4 139.412
628 3 true 3 3 148.783
629 3 true 3 3 134.572
630 3 true 3 3 134.723
631 3 true 3 3 138.426
632 3 true 3 3 121.529
634 3 true 3 3 122.31
635 3 true 3 3 145.446
636 3 true 3 3 149.758
637 3 true 3 4 130.035
638 3 true 3 4 113.646
639 3 true 3 3 130.329
640 3 true 3 3 129.583
641 3 true 3 3 137.343
642 3 true 3 3 134.538
643 3 true 3 3 124.445
644 3 true 3 3 141.321
645 3 true 3 3 131.303
646 3 true 3 3 139.597
647 3 true 3 3 137.101
648 3 true 3 3 127.024
649 3 true 3 4 133.134
651 3 true 3 3 133.489
652 3 true 3 3 131.782
653 3 true 3 3 145.475
654 3 true 3 3 124.648
655 3 true 3 3 129.939
657 3 true 3 3 138.076
658 3 true 3 3 130.742
659 3 true 3 3 134.957
660 3 true 3 3 137.77
661 3 true 3 3 137.124
662 3 true 3 3 131.146
663 3 true 3 3 134.237
664 3 true 3 4 115.189
666 3 true 3 3 131.598
667 3 true 3 3 133.772
668 3 true 3 3 129.772
669 3 true 3 3 129.019
670 3 true 3 3 129.686
671 3 true 3 3 142.287
672 3 true 3 4 124.786
673 3 true 3 3 139.987
674 3 true 3 3 135.529
675 3 true 3 3 131.824
677 3 true 3 3 136.733
678 3 true 3 3 130.973
680 3 true 3 3 123.754
681 3 true 3 3 135.327
682 3 true 3 3 140.882
683 3 true 3 3 135.37
684 3 true 3 3 123.256
685 3 true 3 4 136.666
686 3 true 3 3 126.021
687 3 true 3 3 137.762
689 3 true 3 3 120.611
690 3 true 3 3 131.11
691 3 false 1 3 28.9762
694 3 true 3 3 129.566
695 3 true 3 3 135.031
696 3 true 3 3 127.852
698 3 true 3 3 133.3
699 3 true 3 3 135.469
700 3 true 3 3 140.652
701 3 true 3 3 141.009
702 3 true 3 3 125.53
703 3 true 3 3 133.052
704 3 true 3 3 128.541
705 3 true 3 3 134.297
706 3 true 3 3 134.25
708 3 true 3 3 124.768
709 3 true 3 3 127.391
710 3 true 3 3 130.037
711 3 true 3 3 141.903
713 3 true 3 3 134.495
714 3 true 3 3 129.127
715 3 true 3 3 141.932
716 3 true 3 3 132.637
718 3 true 3 3 156.565
719 3 true 3 3 137.578
720 3 true 3 3 133.713
721 3 true 3 3 134.822
723 3 true 3 3 136.855
725 3 true 3 3 124.28
726 3 true 3 3 131.297
728 3 true 3 3 144.231
729 3 true 3 3 125.678
730 3 true 3 3 136.872
731 3 true 3 3 130.971
732 3 true 3 3 129.976
733 3 false 2 3 135.984
734 3 true 3 3 121.825
735 3 true 3 3 132.375
736 3 true 3 3 133.523
737 3 true 3 3 129.826
738 3 true 3 3 129.067
739 3 true 3 3 129.114
740 3 true 3 3 129.268
741 3 true 3 3 124.367
742 3 true 3 3 126.625
743 3 true 3 3 129.658
744 3 true 3 3 134.52
746 3 true 3 3 136.934
747 3 true 3 3 124.103
748 3 true 3 3 140.989
749 3 true 3 3 131.856
750 3 true 3 3 120.498
751 3 true 3 3 149.583
752 3 true 3 3 124.776
753 3 true 3 3 122.102
754 3 true 3 3 129.822
755 3 true 3 3 126.679
756 3 true 3 3 128.342
757 3 true 3 3 139.927
758 3 true 3 3 129.386
759 3 true 3 3 125.894
760 3 true 3 3 137.571
761 3 true 3 3 129.26
762 3 true 3 3 146.49
763 3 true 3 3 148.137
765 3 true 3 3 149.956
766 3 true 3 3 149.787
767 3 true 3 3 131.278
769 3 true 3 3 138.28
770 3 true 3 3 151.67
771 3 true 3 3 142.433
772 3 true 3 3 134.381
773 3 true 3 3 135.505
774 3 true 3 3 132.301
775 3 true 3 3 136.843
776 3 true 3 3 137.846
777 3 true 3 3 133.903
778 3 true 3 3 134.119
779 3 true 3 3 137.343
780 3 true 3 3 133.681
782 3 true 3 3 122.047
783 3 true 3 3 128.505
784 3 true 3 3 132.428
785 3 true 3 4 134.684
786 3 true 3 3 125.427
787 3 true 3 3 142.085
788 3 true 3 3 128.236
789 3 true 3 3 129.875
790 3 true 3 3 135.972
791 3 true 3 3 140.103
792 3 true 3 3 135.548
793 3 true 3 3 131.594
794 3 true 3 3 147.877
795 3 true 3 3 138.251
796 3 true 3 4 120.261
797 3 true 3 3 133.678
798 3 true 3 3 134.333
799 3 true 3 3 142.003
800 3 true 3 3 126.845
801 3 true 3 3 125.904
802 3 true 3 3 130.756
803 3 true 3 4 171.045
804 3 true 3 3 124.066
805 3 true 3 3 127.55
806 3 true 3 3 136.532
807 3 true 3 3 123.72
808 3 true 3 3 144.733
809 3 true 3 3 122.209
810 3 true 3 3 131.287
811 3 true 3 3 132.058
812 3 true 3 3 144.527
813 3 true 3 3 132.119
814 3 true 3 3 125.465
815 3 true 3 3 138.78
817 3 true 3 3 138.299
818 3 true 3 3 141.069
820 3 true 3 4 117.011
821 3 true 3 3 134.531
822 3 true 3 3 131.057
823 3 true 3 3 134.833
824 3 true 3 3 126.743
825 3 true 3 3 99.8184
826 3 true 3 3 128.909
827 3 true 3 3 134.809
828 3 true 3 3 130.235
830 3 true 3 3 131.533
831 3 true 3 3 127.011
832 3 true 3 3 122.285
833 3 true 3 3 141.565
834 3 true 3 3 133.54
836 3 true 3 3 134.561
837 3 true 3 3 137.077
838 3 true 3 3 117.104
839 3 true 3 3 133.66
840 3 true 3 3 122.949
841 3 true 3 3 138.603
842 3 true 3 3 124.232
843 3 true 3 3 134.396
844 3 true 3 3 138.555
845 3 true 3 3 131.84
846 3 true 3 3 137.279
847 3 true 3 3 135.578
849 3 true 3 3 132.076
850 3 true 3 3 127.204
851 3 true 3 3 132.742
852 3 true 3 3 143.173
853 3 true 3 3 138.317
854 3 true 3 3 151.799
855 3 true 3 4 129.768
856 3 true 3 3 130.158
857 3 true 3 3 130.547
858 3 true 3 3 129.949
859 3 true 3 3 120.615
860 3 true 3 3 132.888
861 3 true 3 3 136.701
862 3 true 3 3 123.391
863 3 true 3 3 139.307
864 3 true 3 4 158.567
865 3 true 3 3 144.964
866 3 true 3 3 126.306
867 3 true 3 3 147.467
869 3 true 3 3 117.036
870 3 true 3 3 146.405
871 3 true 3 3 131.086
872 3 true 3 3 120.882
873 3 true 3 4 125.069
874 3 true 3 3 138.732
875 3 true 3 3 136.765
876 3 true 3 3 136.959
877 3 true 3 3 146.326
878 3 true 3 3 130.376
879 3 true 3 3 137.723
880 3 true 3 3 129.931
881 3 true 3 3 129.722
882 3 true 3 3 133.443
883 3 true 3 3 134.077
884 3 true 3 3 127.434
885 3 true 3 3 126.086
886 3 true 3 3 133.679
887 3 true 3 3 121.228
889 3 true 3 3 131.727
890 3 true 3 3 115.392
891 3 true 3 3 129.953
892 3 true 3 3 129.255
893 3 true 3 3 135.747
894 3 true 3 3 126.972
895 3 true 3 3 126.811
896 3 true 3 3 129.06
897 3 true 3 3 124.277
898 3 true 3 3 113.475
899 3 true 3 3 125.695
900 3 true 3 3 136.982
901 3 true 3 3 120.998
902 3 true 3 3 138.339
903 3 true 3 3 138.479
904 3 true 3 4 126.949
905 3 true 3 3 130.441
907 3 true 3 3 136.654
908 3 true 3 3 128.763
909 3 true 3 3 128.458
910 3 true 3 3 122.94
911 3 true 3 3 154.894
912 3 true 3 3 132.348
913 3 true 3 3 130.742
914 3 true 3 3 128.589
915 3 true 3 3 126.675
917 3 true 3 3 124.563
918 3 true 3 3 140.367
919 3 true 3 3 133.976
920 3 true 3 3 164.681
921 3 true 3 3 130.241
922 3 true 3 3 138.244
923 3 true 3 3 132.278
924 3 true 3 3 131.401
925 3 true 3 3 146.95
926 3 true 3 3 129.159
927 3 true 3 3 132.588
928 3 true 3 3 141.645
930 3 true 3 3 131.676
932 3 true 3 3 150.881
933 3 true 3 3 134.015
934 3 true 3 3 135.91
935 3 true 3 3 146.476
936 3 true 3 3 139.391
937 3 true 3 3 136.361
938 3 true 3 3 143.117
939 3 true 3 3 134.585
940 3 true 3 3 126.971
941 3 true 3 3 137.694
942 3 true 3 3 124.224
944 3 true 3 4 119.404
945 3 true 3 3 127.746
946 3 true 3 3 119.163
947 3 true 3 3 150.129
948 3 true 3 3 148.727
950 3 true 3 3 136.694
951 3 true 3 3 131.354
952 3 true 3 3 131.67
953 3 true 3 4 143.336
954 3 true 3 3 141.285
955 3 true 3 3 136.721
956 3 true 3 3 131.661
957 3 true 3 3 144.845
958 3 true 3 3 137.188
959 3 true 3 3 134.694
960 3 true 3 3 135.257
961 3 true 3 3 124.941
962 3 true 3 3 121.928
963 3 true 3 3 150.802
964 3 true 3 3 126.558
965 3 true 3 3 122.045
967 3 true 3 3 139.329
968 3 true 3 3 126.92
969 3 true 3 4 135.039
970 3 true 3 3 127.469
971 3 true 3 3 136.254
972 3 true 3 3 128.814
973 3 true 3 3 139.957
974 3 true 3 3 130.268
975 3 true 3 3 153.228
976 3 true 3 3 140.569
977 3 true 3 3 126.46
978 3 true 3 3 127.553
979 3 true 3 3 127.697
980 3 true 3 4 119.536
981 3 true 3 3 125.789
982 3 true 3 3 129.071
983 3 true 3 3 142.427
985 3 true 3 4 127.573
986 3 true 3 3 136.644
987 3 true 3 3 134.074
988 3 true 3 3 140.534
989 3 true 3 3 127.742
990 3 true 3 3 146.464
991 3 true 3 3 136.95
992 3 true 3 3 132.069
993 3 true 3 3 133.414
994 3 true 3 3 140.337
995 3 true 3 3 135.927
996 3 true 3 3 119.851
997 3 true 3 3 140.392
999 3 true 3 3 130.904
0 6 true 3 3 130.865
1 6 true 3 3 131.449
4 6 true 3 3 150.326
5 6 true 3 3 122.485
6 6 true 3 3 127.151
7 6 true 3 3 131.892
9 6 true 3 3 137.291
10 6 true 3 3 118.134
11 6 true 3 3 127.029
13 6 true 3 3 134.273
14 6 true 3 3 139.343
15 6 true 3 3 136.589
16 6 true 3 3 122.243
17 6 true 3 3 141.785
18 6 true 3 4 117.005
20 6 true 3 3 126.933
21 6 true 3 3 129.724
22 6 true 3 3 132.384
23 6 true 3 3 136.031
25 6 true 3 3 120.896
26 6 true 3 3 124.084
27 6 true 3 3 124.716
28 6 false 0 3 69.9491
29 6 true 3 3 90.0323
30 6 true 3 3 139.603
31 6 true 3 5 115.293
32 6 true 3 3 129.62
33 6 true 3 3 137.459
34 6 true 3 4 144.515
35 6 false 1 3 28.5901
36 6 true 3 3 126.91
37 6 true 3 3 119.285
38 6 true 3 3 133.55
39 6 true 3 3 150.292
40 6 true 3 4 116.761
41 6 true 3 3 137.544
42 6 true 3 3 130.108
43 6 true 3 3 122.265
45 6 true 3 4 133.702
46 6 true 3 4 140.273
47 6 true 3 3 134.705
48 6 true 3 3 126.343
49 6 true 3 3 145.804
51 6 true 3 3 125.473
52 6 true 3 3 140.774
53 6 true 3 3 127.941
54 6 true 3 3 134.72
55 6 true 3 3 134.379
56 6 true 3 3 133.356
57 6 true 3 3 141.976
58 6 true 3 3 129.104
59 6 true 3 3 131.045
60 6 true 3 3 127.328
61 6 true 3 3 131.42
62 6 true 3 3 130.261
63 6 true 3 3 143.299
64 6 true 3 3 136.978
65 6 true 3 3 136.644
66 6 true 3 3 135.573
67 6 true 3 3 124.846
68 6 true 3 3 125.405
69 6 true 3 3 144.632
70 6 true 3 4 115.236
71 6 true 3 3 137.868
72 6 true 3 3 128.69
73 6 true 3 3 152.978
74 6 true 3 4 130.982
75 6 true 3 4 136.57
76 6 true 3 3 134.314
77 6 true 3 3 124.387
78 6 true 3 3 133.522
79 6 true 3 3 123.251
80 6 true 3 3 115.526
81 6 true 3 3 125.193
82 6 true 3 4 127.895
83 6 true 3 3 126.81
84 6 true 3 3 126.918
85 6 true 3 3 135.468
86 6 true 3 3 127.759
87 6 true 3 3 126.074
88 6 true 3 3 131.138
89 6 true 3 3 129.439
90 6 true 3 3 119.477
91 6 true 3 3 134.473
92 6 true 3 3 132.94
93 6 true 3 3 125.976
94 6 true 3 3 142.699
95 6 true 3 3 152.235
96 6 true 3 3 130.408
97 6 true 3 3 141.228
98 6 false 1 3 30.5536
99 6 true 3 3 133.05
100 6 true 3 3 120.738
101 6 true 3 3 139.4
102 6 true 3 3 129.834
103 6 true 3 3 122.571
105 6 true 3 3 132.89
106 6 true 3 3 132.466
107 6 false 1 3 26.6845
108 6 true 3 3 140.691
109 6 true 3 3 136.968
110 6 true 3 3 133.214
111 6 true 3 3 145.167
112 6 true 3 4 132.023
113 6 true 3 3 139.251
114 6 true 3 3 134.451
115 6 true 3 3 131.806
116 6 true 3 3 141.865
117 6 true 3 3 127.365
118 6 true 3 3 133.867
119 6 true 3 3 128.559
120 6 true 3 3 135.465
121 6 true 3 3 130.044
122 6 true 3 3 134.483
123 6 true 3 3 127.73
124 6 true 3 3 134.03
125 6 true 3 3 135.319
126 6 true 3 3 130.78
127 6 true 3 3 115.674
128 6 true 3 3 135.757
129 6 true 3 3 133.876
130 6 true 3 3 142.8
131 6 true 3 3 130.847
132 6 true 3 3 130.836
134 6 true 3 3 133.808
135 6 true 3 3 122.567
136 6 true 3 4 135.475
138 6 true 3 3 134.737
139 6 true 3 3 127.538
140 6 true 3 3 136.097
141 6 true 3 3 130.114
142 6 true 3 3 127.023
143 6 true 3 3 134.59
144 6 true 3 4 136.952
145 6 true 3 4 87.4466
146 6 true 3 3 139.56
147 6 true 3 3 150.414
148 6 true 3 3 125.752
150 6 true 3 3 140.967
151 6 true 3 3 122.989
152 6 true 3 4 127.728
153 6 true 3 3 128.087
154 6 true 3 3 139.398
155 6 true 3 4 147.113
156 6 true 3 3 135.406
157 6 true 3 3 132.979
158 6 true 3 3 121.435
159 6 true 3 3 122.787
160 6 true 3 5 132.832
161 6 true 3 3 137.956
162 6 true 3 4 122.034
163 6 true 3 4 143.468
164 6 true 3 3 124.787
166 6 true 3 3 123.993
167 6 true 3 3 134.213
168 6 true 3 3 133.341
169 6 true 3 3 126.882
170 6 true 3 3 133.747
171 6 false 0 3 25.8106
172 6 true 3 3 146.639
173 6 true 3 3 145.817
174 6 true 3 3 116.757
175 6 true 3 3 131.946
176 6 true 3 3 131.217
177 6 true 3 3 132.41
178 6 true 3 3 116.762
179 6 true 3 3 130.372
180 6 true 3 3 119.774
181 6 true 3 4 121.724
182 6 true 3 4 168.277
183 6 true 3 3 132.547
184 6 true 3 3 145.002
185 6 true 3 3 126.915
186 6 true 3 3 131.636
187 6 true 3 4 131.357
188 6 false 1 3 26.0071
190 6 true 3 3 124.285
191 6 true 3 3 135.147
192 6 true 3 3 119.764
194 6 true 3 3 150.074
195 6 true 3 3 123.667
196 6 false 1 3 25.2014
197 6 true 3 4 117.079
199 6 true 3 3 148.587
200 6 true 3 3 144.145
201 6 true 3 3 123.648
202 6 true 3 3 129.026
203 6 true 3 3 122.477
204 6 true 3 3 143.5
205 6 true 3 3 131.439
206 6 true 3 3 136.494
207 6 true 3 4 135.728
208 6 true 3 3 137.464
209 6 true 3 3 119.807
211 6 true 3 3 120.871
212 6 true 3 3 143.298
213 6 true 3 3 132.222
214 6 true 3 3 130.766
215 6 true 3 3 126.535
216 6 true 3 3 127.343
217 6 true 3 3 154.709
218 6 true 3 3 126.895
219 6 true 3 3 141.461
220 6 true 3 4 113.121
221 6 true 3 3 134.034
222 6 true 3 3 114.522
223 6 true 3 3 139.002
224 6 true 3 3 126.735
225 6 true 3 3 132.231
226 6 true 3 3 135.097
227 6 true 3 3 126.299
228 6 true 3 3 134.289
230 6 false 2 3 104.146
231 6 true 3 3 156
232 6 true 3 3 138.84
234 6 true 3 3 122.668
235 6 true 3 3 128.293
236 6 true 3 3 129.203
237 6 true 3 3 126.137
238 6 true 3 3 121.684
239 6 true 3 3 124.896
240 6 true 3 3 131.127
241 6 true 3 3 130.882
242 6 true 3 3 143.254
243 6 true 3 3 111.956
244 6 true 3 3 130.087
245 6 true 3 3 133.299
246 6 true 3 3 149.852
247 6 true 3 3 134.092
248 6 true 3 3 145.054
249 6 true 3 3 123.519
250 6 true 3 3 131.297
251 6 true 3 3 125.677
252 6 true 3 3 140.888
253 6 true 3 3 134.702
254 6 true 3 3 120.876
255 6 true 3 3 131.428
256 6 true 3 3 140.512
257 6 true 3 3 133.573
258 6 true 3 3 128.414
259 6 true 3 3 139.413
260 6 true 3 3 127.814
261 6 true 3 3 135.146
263 6 true 3 3 143.457
265 6 true 3 3 114.869
266 6 true 3 3 127.899
267 6 true 3 3 128.631
268 6 true 3 3 123.848
269 6 true 3 3 125.407
270 6 true 3 3 132.602
271 6 true 3 3 130.349
272 6 true 3 3 129.249
273 6 true 3 3 129.933
274 6 true 3 3 131.488
276 6 true 3 3 126.01
277 6 true 3 3 143.13
279 6 true 3 3 134.236
280 6 true 3 3 128.133
281 6 true 3 3 134.978
282 6 true 3 3 126.972
283 6 true 3 3 137.893
284 6 true 3 3 143.977
285 6 true 3 3 142.97
286 6 true 3 3 123.653
287 6 true 3 3 127.765
289 6 true 3 3 138.368
290 6 true 3 3 148.547
291 6 true 3 3 127.348
292 6 true 3 3 127.252
294 6 true 3 3 137.96
295 6 false 2 3 89.1426
296 6 true 3 3 128.227
297 6 true 3 3 138.337
298 6 true 3 3 127.248
301 6 true 3 3 132.602
302 6 true 3 3 133.728
303 6 true 3 6 117.306
304 6 true 3 3 136.048
305 6 true 3 3 125.88
307 6 true 3 3 139.389
308 6 true 3 3 139.717
309 6 true 3 3 143.284
310 6 true 3 3 127.454
311 6 true 3 3 128.255
312 6 true 3 3 126.04
313 6 false 0 3 26.4044
314 6 true 3 3 132.592
315 6 true 3 3 132.107
316 6 true 3 3 140.232
317 6 true 3 3 146.744
318 6 true 3 3 140.973
319 6 true 3 3 126.431
320 6 true 3 3 128.875
321 6 true 3 3 135.517
322 6 true 3 3 138.688
323 6 true 3 3 101.9
324 6 true 3 3 150.992
325 6 true 3 3 131.062
326 6 true 3 4 126.18
327 6 true 3 3 140.515
328 6 true 3 3 131.207
329 6 true 3 3 151.841
330 6 true 3 3 127.738
331 6 true 3 3 126.841
332 6 true 3 3 146.441
333 6 true 3 3 136.373
334 6 true 3 3 134.854
335 6 false 1 3 74.0516
336 6 true 3 3 126.427
338 6 true 3 3 132.256
339 6 true 3 3 132.127
340 6 true 3 3 126.783
342 6 true 3 4 127.485
344 6 true 3 3 128.414
345 6 true 3 3 134.176
346 6 true 3 3 135.016
347 6 true 3 3 140.008
349 6 true 3 3 131.902
350 6 true 3 3 135.571
352 6 true 3 3 133.416
353 6 true 3 3 137.841
354 6 true 3 3 140.27
355 6 true 3 3 130.008
356 6 true 3 3 135.561
357 6 true 3 3 125.455
358 6 true 3 3 129.169
359 6 true 3 3 135.846
360 6 true 3 4 131.199
361 6 true 3 3 145.005
362 6 false 2 3 109.328
364 6 true 3 3 123.086
365 6 true 3 3 128.523
367 6 true 3 4 117.604
368 6 true 3 3 132.383
369 6 true 3 3 135.468
370 6 true 3 3 134.587
371 6 true 3 4 120.81
372 6 true 3 3 141.095
373 6 true 3 3 146.17
374 6 true 3 3 141.767
375 6 true 3 3 145.35
376 6 true 3 3 130.94
377 6 true 3 3 144.343
378 6 true 3 3 132.556
379 6 true 3 3 127.627
380 6 true 3 3 131.638
381 6 true 3 3 127.624
382 6 true 3 3 131.248
384 6 true 3 3 138.688
385 6 true 3 3 136.931
386 6 true 3 3 139.453
388 6 true 3 3 137.679
389 6 true 3 3 137.908
390 6 true 3 3 131.699
391 6 true 3 3 134.668
393 6 true 3 3 126.596
394 6 true 3 3 124.346
395 6 true 3 3 120.424
396 6 true 3 3 118.014
397 6 true 3 3 132.752
398 6 true 3 3 141.366
399 6 true 3 3 135.144
400 6 true 3 3 147.033
401 6 true 3 3 139.491
402 6 true 3 3 140.53
404 6 true 3 3 132.539
405 6 true 3 3 146.608
406 6 true 3 3 138.16
407 6 true 3 4 111.926
408 6 true 3 3 140.122
409 6 true 3 3 128.25
410 6 true 3 3 127.631
411 6 true 3 3 138.99
412 6 true 3 3 131.8
413 6 true 3 3 129.544
414 6 true 3 4 140.95
416 6 true 3 4 145.351
417 6 true 3 3 123.644
418 6 true 3 3 128.612
419 6 false 1 3 106.011
420 6 true 3 4 120.724
421 6 true 3 3 130.252
422 6 true 3 3 140.707
423 6 true 3 3 127.121
424 6 true 3 3 142.931
425 6 true 3 4 127.772
426 6 true 3 3 136.406
427 6 true 3 3 130.439
428 6 true 3 3 122.176
429 6 true 3 3 133.45
430 6 true 3 3 129.623
431 6 true 3 4 158.633
432 6 true 3 3 127.018
433 6 true 3 3 127.172
434 6 true 3 3 140.138
435 6 true 3 3 137.528
436 6 true 3 4 118.063
437 6 true 3 3 136.686
438 6 true 3 3 141.3
439 6 true 3 3 143.601
440 6 true 3 3 133.083
441 6 true 3 3 115.389
442 6 true 3 4 120.714
443 6 true 3 4 114.447
444 6 true 3 3 139.737
445 6 true 3 3 128.167
446 6 true 3 3 126.327
447 6 true 3 3 128.569
448 6 true 3 3 121.97
449 6 true 3 3 126.988
450 6 true 3 3 136.485
451 6 true 3 3 128.14
452 6 true 3 3 140.853
453 6 true 3 3 128.835
454 6 true 3 3 121.199
455 6 true 3 3 135.911
456 6 true 3 3 131.123
457 6 true 3 3 128.132
458 6 true 3 3 132.469
459 6 true 3 3 136.633
461 6 true 3 4 123.801
462 6 true 3 3 141.553
464 6 true 3 3 131.845
465 6 true 3 3 136.444
466 6 true 3 3 133.393
467 6 true 3 3 139.744
468 6 true 3 3 124.973
469 6 true 3 3 146.379
470 6 true 3 3 115.51
471 6 true 3 3 106.685
472 6 true 3 3 129.207
473 6 true 3 3 140.214
474 6 false 1 3 37.2395
475 6 true 3 3 129.083
476 6 true 3 3 135.891
477 6 true 3 3 131.194
478 6 true 3 3 143.864
479 6 true 3 3 148.061
480 6 true 3 3 126.27
481 6 true 3 4 120.173
482 6 true 3 3 146.819
483 6 true 3 3 128.604
484 6 true 3 3 140.233
485 6 true 3 3 135.61
486 6 true 3 3 130.548
487 6 true 3 3 130.818
488 6 true 3 3 134.396
489 6 true 3 4 124.836
490 6 true 3 3 148.247
491 6 true 3 4 131.617
492 6 true 3 3 129.195
493 6 true 3 3 140.14
495 6 true 3 3 124.333
496 6 true 3 3 119.851
497 6 true 3 3 136.093
498 6 true 3 3 124.762
499 6 true 3 3 140.225
500 6 true 3 3 141.041
501 6 true 3 3 131.934
502 6 true 3 3 127.038
504 6 true 3 3 138.566
505 6 true 3 3 125.651
506 6 true 3 3 141.208
507 6 true 3 3 140.367
508 6 true 3 3 138.724
509 6 true 3 3 124.693
510 6 true 3 3 148.465
511 6 true 3 3 128.06
512 6 true 3 3 124.371
513 6 true 3 3 136.831
515 6 true 3 3 127.911
516 6 true 3 3 121.873
518 6 true 3 3 125.942
519 6 true 3 3 140.167
520 6 true 3 3 128.289
521 6 true 3 3 121.51
522 6 false 2 4 135.561
523 6 true 3 4 126.893
524 6 true 3 3 129.597
525 6 true 3 3 138.183
526 6 true 3 3 115.727
527 6 true 3 4 135.716
528 6 true 3 3 126.765
529 6 true 3 3 114.803
530 6 true 3 4 145.659
531 6 true 3 3 131.248
533 6 true 3 3 133.846
535 6 true 3 3 123.184
536 6 true 3 4 153.392
537 6 true 3 3 137.645
538 6 true 3 3 123.917
539 6 true 3 3 122.331
540 6 true 3 3 132.793
541 6 true 3 3 152.31
542 6 true 3 3 136.826
543 6 true 3 3 118.198
544 6 true 3 4 121.449
545 6 true 3 3 127.179
546 6 true 3 3 145.847
547 6 true 3 3 120.929
548 6 true 3 3 141.181
549 6 false 1 3 27.7227
550 6 true 3 3 129.583
551 6 true 3 4 121.466
552 6 true 3 3 134.541
553 6 true 3 3 135.928
554 6 true 3 3 142.683
555 6 false 0 3 31.9293
556 6 true 3 3 138.087
557 6 true 3 3 174.443
558 6 true 3 3 144.488
559 6 true 3 3 144.497
560 6 false 1 4 57.2316
561 6 true 3 3 129.714
562 6 true 3 3 129.381
563 6 true 3 3 120.506
564 6 true 3 3 131.598
565 6 true 3 3 142.026
566 6 true 3 3 131.293
567 6 true 3 4 141.413
569 6 true 3 3 131.403
570 6 true 3 3 130.011
571 6 true 3 3 144.036
572 6 true 3 3 132.127
573 6 true 3 3 137.466
574 6 true 3 4 159.414
575 6 true 3 3 134.401
576 6 true 3 3 136.521
577 6 true 3 3 125.948
578 6 true 3 3 125.608
579 6 true 3 3 141.209
580 6 true 3 3 141.07
581 6 true 3 4 110.757
582 6 true 3 4 118.018
584 6 true 3 3 138.513
585 6 true 3 3 137.815
586 6 true 3 3 136.643
587 6 true 3 3 143.211
588 6 true 3 3 134.299
589 6 true 3 3 131.983
590 6 true 3 3 133.749
591 6 true 3 3 135.754
592 6 true 3 3 137.791
593 6 true 3 3 125.162
594 6 true 3 3 125.87
595 6 true 3 4 117.792
596 6 true 3 4 125.149
597 6 true 3 3 136.339
598 6 true 3 3 123.493
599 6 true 3 3 117.104
600 6 true 3 3 134.231
601 6 true 3 3 135.716
602 6 true 3 3 138.363
604 6 true 3 3 134.732
605 6 true 3 3 132.065
606 6 true 3 3 130.059
607 6 true 3 3 132.326
608 6 true 3 3 126.883
609 6 true 3 3 139.568
610 6 true 3 3 137.028
611 6 true 3 3 129.847
612 6 true 3 4 120.305
614 6 true 3 3 138.769
615 6 true 3 3 128.191
616 6 true 3 3 141.774
617 6 true 3 3 124.33
618 6 true 3 3 140.766
619 6 true 3 3 139.962
620 6 true 3 3 123.806
621 6 true 3 3 141.425
622 6 true 3 3 126.479
623 6 true 3 3 132.752
624 6 true 3 3 134.177
625 6 true 3 4 123.591
627 6 true 3 3 139.764
628 6 true 3 3 148.783
629 6 true 3 3 134.572
630 6 true 3 3 134.723
631 6 true 3 3 138.426
632 6 false 1 3 34.6254
634 6 true 3 3 122.31
635 6 true 3 3 145.446
636 6 true 3 3 149.758
637 6 true 3 3 133.871
638 6 true 3 3 139.784
639 6 true 3 3 130.329
640 6 true 3 3 129.583
641 6 true 3 3 137.343
642 6 true 3 3 134.538
643 6 true 3 3 124.445
644 6 true 3 3 141.321
645 6 true 3 3 131.303
646 6 true 3 3 139.597
647 6 true 3 3 137.101
648 6 true 3 3 127.024
649 6 true 3 3 124.68
650 6 true 3 3 139.787
652 6 true 3 3 131.782
653 6 true 3 3 145.475
654 6 true 3 3 124.648
655 6 true 3 3 129.939
656 6 true 3 3 128.49
657 6 true 3 4 134.016
658 6 true 3 3 130.742
660 6 true 3 3 137.77
661 6 true 3 3 137.124
662 6 true 3 4 133.926
663 6 true 3 4 121.838
664 6 true 3 3 135.471
666 6 true 3 3 131.598
667 6 true 3 3 133.772
668 6 true 3 4 109.928
669 6 true 3 3 129.019
670 6 true 3 3 129.686
671 6 true 3 3 142.287
672 6 true 3 3 136.933
673 6 true 3 3 139.987
675 6 true 3 3 131.824
676 6 true 3 4 153.984
677 6 true 3 3 136.733
678 6 true 3 3 130.973
680 6 true 3 3 123.754
681 6 true 3 3 135.327
682 6 true 3 3 140.882
683 6 true 3 3 135.37
684 6 true 3 3 123.256
685 6 true 3 4 129.911
686 6 true 3 3 126.021
687 6 false 2 3 107.687
688 6 true 3 3 140.404
689 6 true 3 3 120.611
690 6 true 3 3 131.11
691 6 true 3 3 123.38
692 6 true 3 3 151.823
694 6 true 3 3 129.566
695 6 false 1 3 27.9916
696 6 true 3 4 118.169
698 6 true 3 3 133.3
699 6 true 3 3 135.469
700 6 true 3 3 140.652
701 6 true 3 4 138.026
702 6 true 3 3 125.53
703 6 true 3 3 133.052
704 6 true 3 3 128.541
705 6 true 3 3 134.297
706 6 true 3 3 134.25
708 6 true 3 3 124.768
709 6 true 3 3 127.391
710 6 true 3 3 130.037
711 6 false 1 3 45.1922
713 6 true 3 3 134.495
714 6 true 3 3 129.127
715 6 true 3 3 141.932
716 6 true 3 3 132.637
717 6 false 2 3 123.532
718 6 true 3 3 156.565
719 6 true 3 3 137.578
720 6 true 3 3 133.713
721 6 true 3 4 115.035
722 6 true 3 3 132.405
723 6 true 3 3 136.855
725 6 true 3 3 124.28
726 6 true 3 3 131.297
727 6 true 3 3 139.866
728 6 true 3 3 144.231
729 6 true 3 4 129.541
730 6 true 3 4 142.266
731 6 true 3 3 130.971
732 6 true 3 3 129.976
733 6 true 3 3 126.937
734 6 true 3 3 121.825
735 6 true 3 4 121.072
736 6 true 3 3 133.523
737 6 false 0 3 52.2015
738 6 true 3 3 129.067
740 6 true 3 3 129.268
741 6 true 3 3 124.367
742 6 true 3 3 126.625
743 6 true 3 3 129.658
745 6 true 3 3 141.948
746 6 true 3 3 136.934
747 6 true 3 3 124.103
748 6 true 3 3 140.989
749 6 true 3 3 131.856
750 6 true 3 3 120.498
751 6 true 3 3 149.583
752 6 true 3 4 117.855
754 6 true 3 3 129.822
755 6 true 3 3 126.679
756 6 true 3 3 128.342
757 6 true 3 3 139.927
758 6 true 3 3 129.386
759 6 true 3 3 125.894
760 6 true 3 3 137.571
761 6 true 3 3 129.26
762 6 true 3 3 146.49
763 6 true 3 3 148.137
764 6 true 3 3 136.83
765 6 true 3 3 149.956
766 6 true 3 3 149.787
767 6 true 3 3 131.278
768 6 true 3 3 127.555
769 6 true 3 3 138.28
770 6 true 3 4 123.76
771 6 true 3 3 142.433
772 6 true 3 3 134.381
773 6 true 3 5 124.523
775 6 true 3 3 136.843
776 6 true 3 3 137.846
777 6 true 3 3 133.903
778 6 true 3 3 134.119
780 6 true 3 3 133.681
782 6 true 3 3 122.047
783 6 true 3 3 128.505
784 6 true 3 4 138.676
785 6 true 3 3 141.072
786 6 true 3 3 125.427
787 6 true 3 3 142.085
788 6 true 3 3 128.236
789 6 true 3 4 113.398
790 6 true 3 3 135.972
791 6 true 3 3 140.103
792 6 true 3 3 135.548
794 6 true 3 4 158.366
795 6 true 3 3 138.251
796 6 true 3 4 152.055
797 6 true 3 3 133.678
798 6 true 3 3 134.333
799 6 true 3 3 142.003
800 6 true 3 3 126.845
801 6 true 3 3 125.904
802 6 true 3 3 130.756
803 6 true 3 3 130.938
804 6 true 3 3 124.066
805 6 true 3 3 127.55
806 6 true 3 3 136.532
807 6 true 3 3 123.72
808 6 true 3 3 144.733
809 6 true 3 3 122.209
810 6 true 3 3 131.287
811 6 true 3 3 132.058
812 6 true 3 3 144.527
813 6 true 3 3 132.119
814 6 true 3 3 125.465
815 6 true 3 3 138.78
816 6 true 3 3 134.732
817 6 true 3 3 138.299
818 6 true 3 3 141.069
820 6 true 3 3 138.961
821 6 true 3 3 134.531
822 6 true 3 3 131.057
823 6 true 3 3 134.833
824 6 true 3 3 126.743
825 6 true 3 3 99.8184
826 6 true 3 3 128.909
827 6 true 3 3 134.809
828 6 true 3 3 130.235
829 6 false 1 3 53.453
830 6 true 3 3 131.533
831 6 true 3 3 127.011
832 6 true 3 3 122.285
833 6 true 3 3 141.565
836 6 true 3 3 134.561
837 6 true 3 3 137.077
838 6 true 3 3 117.104
839 6 true 3 3 133.66
840 6 false 2 3 138.349
841 6 true 3 3 138.603
842 6 true 3 3 124.232
843 6 true 3 3 134.396
844 6 true 3 3 138.555
845 6 true 3 3 131.84
846 6 true 3 3 137.279
847 6 true 3 3 135.578
848 6 false 0 3 35.9219
849 6 true 3 3 132.076
850 6 true 3 3 127.204
851 6 true 3 3 132.742
852 6 true 3 3 143.173
853 6 true 3 3 138.317
854 6 true 3 3 151.799
855 6 true 3 3 116.804
856 6 true 3 3 130.158
857 6 true 3 3 130.547
858 6 true 3 3 129.949
859 6 true 3 3 120.615
860 6 true 3 3 132.888
861 6 true 3 3 136.701
862 6 true 3 3 123.391
863 6 true 3 3 139.307
864 6 true 3 3 144.301
865 6 true 3 3 144.964
866 6 true 3 3 126.306
867 6 true 3 3 147.467
868 6 false 2 4 81.7199
869 6 true 3 3 117.036
870 6 true 3 3 146.405
871 6 true 3 3 131.086
872 6 true 3 3 120.882
874 6 true 3 3 138.732
875 6 true 3 3 136.765
876 6 true 3 3 136.959
877 6 true 3 3 146.326
878 6 true 3 3 130.376
879 6 true 3 3 137.723
880 6 true 3 3 129.931
881 6 true 3 3 129.722
882 6 true 3 3 133.443
883 6 true 3 3 134.077
884 6 true 3 3 127.434
885 6 true 3 3 126.086
886 6 true 3 4 121.11
887 6 true 3 3 121.228
890 6 true 3 3 115.392
891 6 true 3 3 129.953
892 6 true 3 3 129.255
893 6 true 3 3 135.747
894 6 true 3 3 126.972
895 6 true 3 3 126.811
896 6 true 3 3 129.06
897 6 true 3 4 119.643
898 6 true 3 3 113.475
899 6 true 3 3 125.695
900 6 true 3 3 136.982
901 6 true 3 3 120.998
902 6 true 3 3 138.339
903 6 true 3 3 138.479
904 6 true 3 3 129.28
905 6 true 3 3 130.441
907 6 true 3 3 136.654
908 6 true 3 3 128.763
909 6 true 3 3 128.458
910 6 true 3 3 122.94
911 6 false 1 3 29.4002
912 6 true 3 3 132.348
913 6 true 3 3 130.742
914 6 true 3 3 128.589
915 6 true 3 3 126.675
917 6 true 3 3 124.563
918 6 true 3 3 140.367
919 6 true 3 3 133.976
920 6 true 3 3 164.681
921 6 true 3 3 130.241
922 6 true 3 3 138.244
923 6 true 3 3 132.278
924 6 true 3 3 131.401
925 6 true 3 3 146.95
926 6 true 3 4 117.291
927 6 true 3 4 140.229
928 6 true 3 3 141.645
929 6 true 3 3 138.264
930 6 true 3 3 131.676
931 6 true 3 3 124.611
932 6 true 3 3 150.881
933 6 true 3 3 134.015
934 6 true 3 3 135.91
935 6 true 3 4 146.566
936 6 true 3 3 139.391
937 6 true 3 3 136.361
938 6 false 1 3 26.6124
939 6 true 3 3 134.585
940 6 true 3 3 126.971
942 6 true 3 3 124.224
944 6 true 3 3 110.068
945 6 true 3 3 127.746
946 6 true 3 3 119.163
947 6 true 3 3 150.129
948 6 true 3 3 148.727
949 6 true 3 3 130.146
950 6 true 3 3 136.694
951 6 true 3 3 131.354
952 6 true 3 3 131.67
953 6 true 3 3 137.489
955 6 true 3 3 136.721
956 6 true 3 3 131.661
957 6 true 3 3 144.845
958 6 true 3 3 137.188
959 6 true 3 3 134.694
960 6 true 3 3 135.257
961 6 true 3 3 124.941
962 6 true 3 3 121.928
963 6 true 3 3 150.802
964 6 true 3 3 126.558
965 6 true 3 3 122.045
966 6 true 3 3 140.122
967 6 true 3 3 139.329
968 6 false 1 3 32.1077
969 6 true 3 3 148.639
970 6 true 3 3 127.469
971 6 true 3 3 136.254
972 6 false 1 3 34.9407
973 6 true 3 3 139.957
974 6 true 3 3 130.268
975 6 true 3 3 153.228
976 6 true 3 3 140.569
977 6 true 3 3 126.46
978 6 true 3 3 127.553
980 6 true 3 4 133.863
981 6 true 3 3 125.789
982 6 true 3 3 129.071
983 6 true 3 3 142.427
984 6 true 3 3 123.012
985 6 true 3 3 132.696
986 6 true 3 3 136.644
987 6 true 3 3 134.074
988 6 true 3 3 140.534
989 6 true 3 3 127.742
990 6 true 3 3 146.464
991 6 true 3 3 136.95
992 6 true 3 3 132.069
993 6 true 3 3 133.414
994 6 true 3 4 152.505
995 6 true 3 3 135.927
996 6 true 3 3 119.851
997 6 true 3 4 147.07
999 6 true 3 3 130.904
0 9 true 3 4 133.151
1 9 true 3 4 115.399
3 9 true 3 3 140.792
4 9 true 3 5 122.522
5 9 true 3 4 122.722
6 9 true 3 3 127.151
7 9 true 3 3 131.892
9 9 true 3 3 137.291
10 9 true 3 3 118.134
11 9 true 3 3 127.029
13 9 true 3 3 134.273
14 9 true 3 3 139.343
16 9 true 3 3 122.243
17 9 true 3 4 130.716
19 9 true 3 3 135.752
20 9 true 3 3 126.933
22 9 true 3 3 132.384
23 9 true 3 3 136.031
24 9 true 3 3 145.812
25 9 true 3 3 120.896
26 9 true 3 5 125.34
27 9 false 0 3 28.9725
28 9 false 0 3 82.992
29 9 false 1 3 43.481
30 9 true 3 4 112.297
31 9 true 3 4 113.634
32 9 false 1 3 26.6178
33 9 true 3 3 137.459
34 9 true 3 3 136.478
35 9 true 3 3 139.99
36 9 true 3 3 126.91
37 9 true 3 3 119.285
38 9 true 3 3 133.55
39 9 true 3 3 150.292
40 9 true 3 3 128.943
41 9 true 3 4 113.922
42 9 true 3 4 141.951
43 9 true 3 3 122.265
45 9 true 3 3 134.761
46 9 true 3 3 138.878
47 9 true 3 3 134.705
48 9 true 3 3 126.343
49 9 true 3 3 145.804
50 9 true 3 3 130.469
51 9 true 3 3 125.473
52 9 true 3 3 140.774
53 9 true 3 3 127.941
54 9 true 3 3 134.72
55 9 true 3 3 134.379
57 9 true 3 3 141.976
58 9 true 3 3 129.104
59 9 true 3 3 131.045
60 9 true 3 4 114.521
61 9 true 3 3 131.42
62 9 true 3 3 130.261
63 9 true 3 3 143.299
64 9 true 3 3 136.978
65 9 true 3 3 136.644
66 9 true 3 3 135.573
67 9 true 3 3 124.846
68 9 true 3 3 125.405
69 9 true 3 3 144.632
70 9 true 3 4 114.655
71 9 true 3 3 137.868
72 9 true 3 3 128.69
74 9 true 3 4 118.886
75 9 true 3 3 138.177
76 9 true 3 3 134.314
78 9 true 3 4 116.421
79 9 true 3 3 123.251
80 9 true 3 3 115.526
81 9 true 3 3 125.193
82 9 true 3 3 128.125
83 9 false 1 3 34.9192
84 9 true 3 3 126.918
85 9 true 3 3 135.468
86 9 true 3 3 127.759
87 9 true 3 3 126.074
89 9 true 3 3 129.439
90 9 true 3 3 119.477
91 9 true 3 3 134.473
92 9 true 3 3 132.94
93 9 true 3 3 125.976
94 9 true 3 3 142.699
95 9 true 3 3 152.235
96 9 false 2 4 163.973
97 9 false 0 3 87.8065
98 9 true 3 3 103.107
99 9 true 3 3 133.05
100 9 true 3 4 135.35
101 9 true 3 3 139.4
103 9 true 3 3 122.571
104 9 true 3 3 153.287
105 9 false 0 3 40.2179
106 9 true 3 3 132.466
107 9 true 3 3 143.424
108 9 true 3 3 140.691
109 9 true 3 3 136.968
110 9 true 3 3 133.214
111 9 true 3 3 145.167
112 9 true 3 3 137.721
113 9 true 3 3 139.251
114 9 true 3 3 134.451
115 9 true 3 4 123.185
116 9 true 3 4 163.156
117 9 true 3 3 127.365
119 9 true 3 3 128.559
120 9 true 3 3 135.465
122 9 true 3 3 134.483
123 9 true 3 3 127.73
124 9 false 2 4 92.5542
125 9 true 3 3 135.319
126 9 true 3 3 130.78
127 9 true 3 3 115.674
128 9 false 1 3 27.3882
130 9 false 1 3 25.6246
131 9 true 3 5 114.236
132 9 true 3 4 119.619
133 9 true 3 3 117.64
134 9 true 3 4 128.024
136 9 true 3 3 135.669
137 9 true 3 3 137.618
138 9 true 3 3 134.737
139 9 true 3 3 127.538
140 9 true 3 4 172.267
141 9 true 3 3 130.114
142 9 true 3 3 127.023
143 9 true 3 3 134.59
145 9 true 3 3 116.615
146 9 true 3 3 139.56
147 9 false 0 3 25.3567
148 9 true 3 5 112.174
149 9 true 3 3 132.548
150 9 true 3 3 140.967
151 9 true 3 3 122.989
152 9 true 3 3 136.258
154 9 true 3 3 139.398
155 9 true 3 3 132.818
156 9 true 3 3 135.406
157 9 true 3 3 132.979
158 9 true 3 4 124.251
159 9 true 3 3 122.787
160 9 true 3 3 132.293
161 9 true 3 4 131.553
162 9 false 1 3 25.5912
163 9 true 3 3 150.083
165 9 true 3 3 139.137
166 9 true 3 3 123.993
167 9 true 3 3 134.213
168 9 true 3 3 133.341
169 9 true 3 3 126.882
170 9 false 0 3 88.3559
171 9 true 3 4 125.934
172 9 true 3 3 146.639
173 9 true 3 3 145.817
174 9 true 3 3 116.757
175 9 true 3 3 131.946
176 9 true 3 3 131.217
177 9 true 3 3 132.41
178 9 true 3 3 116.762
179 9 true 3 3 130.372
180 9 true 3 3 119.774
181 9 true 3 4 117.93
182 9 true 3 3 138.621
183 9 true 3 3 132.547
184 9 true 3 3 145.002
185 9 true 3 3 126.915
186 9 true 3 4 117.447
187 9 true 3 3 127.235
188 9 true 3 3 120.634
190 9 true 3 3 124.285
191 9 true 3 3 135.147
192 9 true 3 4 114.718
193 9 false 1 3 25.8918
194 9 true 3 3 150.074
195 9 true 3 3 123.667
196 9 true 3 3 130.116
197 9 true 3 3 115.737
198 9 true 3 3 128.314
199 9 true 3 3 148.587
200 9 true 3 3 144.145
201 9 true 3 4 114.089
202 9 true 3 3 129.026
203 9 true 3 3 122.477
204 9 true 3 3 143.5
205 9 true 3 3 131.439
206 9 true 3 3 136.494
207 9 true 3 4 135.569
208 9 true 3 3 137.464
209 9 true 3 3 119.807
211 9 true 3 3 120.871
212 9 true 3 3 143.298
213 9 true 3 3 132.222
214 9 true 3 3 130.766
215 9 true 3 3 126.535
216 9 false 1 3 39.0136
217 9 true 3 3 154.709
218 9 true 3 4 117.492
219 9 true 3 3 141.461
220 9 true 3 3 133.847
221 9 true 3 4 147.749
222 9 true 3 3 114.522
223 9 true 3 3 139.002
224 9 true 3 3 126.735
225 9 true 3 3 132.231
226 9 true 3 3 135.097
227 9 true 3 3 126.299
228 9 true 3 4 155.886
229 9 true 3 3 134.609
230 9 true 3 3 136.295
231 9 false 0 3 32.8998
232 9 true 3 4 120.857
233 9 false 0 3 36.378
234 9 true 3 3 122.668
235 9 true 3 3 128.293
236 9 true 3 3 129.203
237 9 true 3 4 127.432
238 9 true 3 4 128.589
239 9 true 3 3 124.896
240 9 true 3 3 131.127
241 9 true 3 3 130.882
242 9 true 3 3 143.254
243 9 true 3 3 111.956
244 9 true 3 3 130.087
245 9 true 3 3 133.299
246 9 true 3 3 149.852
247 9 false 0 3 26.7464
248 9 true 3 3 145.054
249 9 true 3 3 123.519
250 9 true 3 3 131.297
251 9 true 3 3 125.677
252 9 true 3 3 140.888
253 9 true 3 3 134.702
254 9 true 3 3 120.876
255 9 true 3 3 131.428
256 9 true 3 3 140.512
257 9 true 3 3 133.573
258 9 true 3 3 128.414
259 9 true 3 3 139.413
260 9 true 3 4 109.61
261 9 true 3 3 135.146
263 9 true 3 4 129.89
264 9 false 1 3 39.9397
265 9 true 3 3 114.869
266 9 true 3 3 127.899
267 9 true 3 3 128.631
268 9 true 3 3 123.848
269 9 true 3 3 125.407
270 9 true 3 3 132.602
271 9 true 3 3 130.349
273 9 false 0 3 25.0267
274 9 true 3 3 131.488
276 9 true 3 3 126.01
277 9 true 3 3 143.13
278 9 true 3 3 146.344
279 9 true 3 3 134.236
280 9 true 3 4 132.456
281 9 true 3 4 165.935
282 9 false 2 4 88.0453
283 9 true 3 3 137.893
284 9 true 3 4 162.67
285 9 true 3 4 119.598
286 9 true 3 3 123.653
287 9 true 3 3 127.765
288 9 true 3 3 136.327
290 9 false 0 3 28.7401
292 9 true 3 3 127.252
294 9 true 3 3 137.96
295 9 true 3 3 132.92
296 9 true 3 3 128.227
297 9 true 3 3 138.337
298 9 true 3 3 127.248
301 9 true 3 3 132.602
302 9 true 3 3 133.728
303 9 true 3 3 113.487
304 9 true 3 3 136.048
305 9 true 3 3 125.88
306 9 true 3 3 121.372
307 9 true 3 3 139.389
308 9 true 3 4 160.165
309 9 true 3 3 143.284
310 9 true 3 3 127.454
311 9 true 3 3 128.255
312 9 true 3 3 126.04
313 9 true 3 4 122.046
314 9 true 3 3 132.592
315 9 true 3 3 132.107
316 9 true 3 3 140.232
317 9 true 3 3 146.744
318 9 true 3 3 140.973
319 9 true 3 3 126.431
320 9 true 3 4 115.785
321 9 true 3 4 117.458
322 9 true 3 4 165.185
323 9 true 3 3 101.9
324 9 true 3 4 173.578
325 9 true 3 3 131.062
326 9 true 3 3 120.758
327 9 false 1 4 40.9276
328 9 true 3 3 131.207
329 9 true 3 4 136.924
330 9 true 3 3 127.738
331 9 true 3 3 126.841
332 9 true 3 3 146.441
333 9 true 3 3 136.373
334 9 true 3 3 134.854
335 9 true 3 3 133.688
336 9 true 3 3 126.427
338 9 true 3 3 132.256
339 9 false 0 3 28.6834
340 9 true 3 3 126.783
342 9 true 3 3 130.116
343 9 true 3 3 138.036
344 9 true 3 3 128.414
345 9 true 3 3 134.176
346 9 true 3 3 135.016
347 9 false 0 3 40.4729
351 9 true 3 3 139.226
352 9 true 3 4 127.434
353 9 true 3 3 137.841
354 9 true 3 3 140.27
355 9 true 3 3 130.008
356 9 true 3 3 135.561
357 9 true 3 3 125.455
358 9 true 3 3 129.169
359 9 true 3 3 135.846
360 9 true 3 4 168.149
362 9 false 1 3 70.6661
363 9 true 3 3 116.98
364 9 true 3 3 123.086
365 9 true 3 3 128.523
366 9 true 3 3 130.315
367 9 true 3 3 123.441
369 9 true 3 4 141.609
370 9 true 3 3 134.587
371 9 true 3 3 127.753
372 9 true 3 3 141.095
373 9 true 3 3 146.17
374 9 true 3 3 141.767
375 9 true 3 4 127.361
376 9 true 3 3 130.94
377 9 true 3 3 144.343
378 9 true 3 3 132.556
380 9 true 3 3 131.638
381 9 true 3 3 127.624
382 9 true 3 3 131.248
383 9 true 3 3 136.266
384 9 true 3 3 138.688
385 9 true 3 3 136.931
386 9 false 1 4 25.9572
387 9 false 1 3 38.8719
388 9 true 3 3 137.679
389 9 true 3 3 137.908
390 9 true 3 3 131.699
391 9 true 3 3 134.668
393 9 true 3 3 126.596
394 9 true 3 3 124.346
395 9 true 3 3 120.424
396 9 true 3 3 118.014
397 9 true 3 4 124.62
398 9 true 3 3 141.366
399 9 true 3 4 129.25
400 9 true 3 3 147.033
401 9 true 3 3 139.491
402 9 true 3 3 140.53
404 9 true 3 3 132.539
405 9 true 3 3 146.608
406 9 true 3 3 138.16
407 9 true 3 3 125.922
408 9 false 1 3 25.7137
409 9 true 3 3 128.25
410 9 false 2 4 86.0264
411 9 true 3 3 138.99
412 9 true 3 3 131.8
413 9 true 3 4 108.627
414 9 false 0 3 27.3408
416 9 true 3 4 166.968
418 9 true 3 3 128.612
420 9 true 3 5 123.229
421 9 true 3 3 130.252
422 9 true 3 3 140.707
423 9 true 3 3 127.121
424 9 true 3 3 142.931
425 9 true 3 3 129.304
426 9 true 3 3 136.406
427 9 true 3 3 130.439
428 9 true 3 4 126.113
429 9 true 3 3 133.45
430 9 true 3 3 129.623
431 9 true 3 3 134.445
432 9 true 3 3 127.018
433 9 true 3 4 160.773
434 9 true 3 3 140.138
435 9 true 3 4 132.968
436 9 true 3 3 127.303
437 9 true 3 3 136.686
438 9 true 3 4 137.344
439 9 true 3 3 143.601
440 9 true 3 3 133.083
441 9 true 3 3 115.389
442 9 true 3 3 126.608
443 9 true 3 3 122.862
444 9 true 3 3 139.737
445 9 true 3 3 128.167
446 9 true 3 3 126.327
447 9 true 3 3 128.569
448 9 true 3 4 127.341
449 9 true 3 3 126.988
450 9 true 3 3 136.485
451 9 false 0 3 34.9872
452 9 true 3 3 140.853
453 9 true 3 3 128.835
454 9 true 3 3 121.199
455 9 true 3 4 154.797
456 9 true 3 3 131.123
457 9 true 3 4 130.925
458 9 true 3 3 132.469
461 9 true 3 3 132.042
462 9 true 3 3 141.553
464 9 false 0 3 47.3023
465 9 true 3 3 136.444
466 9 true 3 3 133.393
467 9 false 0 3 38.9726
468 9 true 3 3 124.973
469 9 true 3 3 146.379
470 9 true 3 3 115.51
471 9 true 3 3 106.685
472 9 true 3 3 129.207
473 9 true 3 3 140.214
474 9 true 3 3 149.26
475 9 true 3 3 129.083
476 9 false 1 3 25.8724
477 9 true 3 3 131.194
478 9 true 3 3 143.864
479 9 true 3 3 148.061
480 9 true 3 3 126.27
481 9 true 3 3 138.204
482 9 true 3 3 146.819
483 9 true 3 3 128.604
484 9 true 3 4 168.323
485 9 true 3 3 135.61
486 9 false 2 3 114.076
488 9 true 3 3 134.396
489 9 true 3 3 130.432
490 9 true 3 3 148.247
491 9 true 3 3 132.219
492 9 true 3 3 129.195
493 9 true 3 3 140.14
494 9 true 3 3 128.491
495 9 true 3 3 124.333
496 9 true 3 3 119.851
497 9 true 3 3 136.093
498 9 true 3 3 124.762
499 9 true 3 3 140.225
500 9 true 3 3 141.041
501 9 true 3 3 131.934
502 9 true 3 3 127.038
503 9 true 3 3 135.006
504 9 true 3 3 138.566
505 9 false 0 3 26.1753
506 9 true 3 3 141.208
507 9 true 3 3 140.367
508 9 true 3 3 138.724
509 9 true 3 3 124.693
510 9 true 3 3 148.465
511 9 true 3 3 128.06
512 9 true 3 3 124.371
513 9 true 3 3 136.831
514 9 true 3 3 141.227
516 9 true 3 3 121.873
517 9 true 3 3 142.652
518 9 true 3 4 125.252
519 9 true 3 3 140.167
520 9 true 3 3 128.289
521 9 true 3 3 121.51
522 9 true 3 3 125.96
523 9 true 3 3 133.157
524 9 true 3 3 129.597
525 9 true 3 3 138.183
526 9 false 1 3 69.8139
527 9 true 3 3 124.042
529 9 true 3 3 114.803
530 9 true 3 3 136.089
531 9 true 3 3 131.248
534 9 true 3 3 154.32
535 9 true 3 4 121.587
536 9 true 3 4 173.134
537 9 true 3 3 137.645
538 9 true 3 4 134.745
539 9 true 3 3 122.331
540 9 true 3 3 132.793
543 9 true 3 3 118.198
544 9 true 3 4 112.436
545 9 true 3 3 127.179
546 9 true 3 3 145.847
547 9 true 3 4 126.239
548 9 true 3 3 141.181
549 9 true 3 4 140.877
550 9 true 3 3 129.583
551 9 true 3 3 124.784
552 9 false 0 3 68.8621
553 9 true 3 4 174.335
554 9 true 3 3 142.683
555 9 true 3 3 129.029
556 9 true 3 3 138.087
557 9 true 3 3 174.443
558 9 true 3 4 147.29
559 9 true 3 3 144.497
560 9 true 3 3 142.815
561 9 true 3 3 129.714
562 9 false 1 3 54.7094
563 9 true 3 3 120.506
564 9 true 3 3 131.598
565 9 true 3 4 130.498
566 9 true 3 3 131.293
567 9 true 3 4 122.63
568 9 true 3 3 127.541
569 9 false 2 4 89.5906
570 9 true 3 3 130.011
571 9 true 3 3 144.036
572 9 false 0 4 33.8691
573 9 true 3 3 137.466
574 9 false 0 3 26.1202
575 9 true 3 3 134.401
576 9 true 3 3 136.521
577 9 true 3 3 125.948
578 9 true 3 3 125.608
579 9 true 3 3 141.209
580 9 true 3 3 141.07
581 9 true 3 3 123.982
582 9 true 3 3 124.427
583 9 true 3 3 132.28
584 9 true 3 3 138.513
585 9 true 3 3 137.815
586 9 true 3 3 136.643
587 9 true 3 3 143.211
588 9 true 3 3 134.299
589 9 true 3 4 136.989
590 9 true 3 3 133.749
591 9 true 3 3 135.754
592 9 true 3 3 137.791
593 9 true 3 3 125.162
594 9 true 3 3 125.87
595 9 false 1 3 44.1623
596 9 true 3 3 124.745
597 9 true 3 3 136.339
598 9 true 3 3 123.493
599 9 true 3 3 117.104
600 9 false 1 3 28.566
601 9 false 2 3 101.672
602 9 true 3 3 138.363
604 9 true 3 3 134.732
605 9 true 3 3 132.065
606 9 true 3 3 130.059
607 9 true 3 3 132.326
608 9 true 3 3 126.883
609 9 true 3 3 139.568
610 9 true 3 3 137.028
611 9 true 3 3 129.847
612 9 true 3 3 120.403
614 9 true 3 3 138.769
615 9 true 3 4 132.268
616 9 true 3 3 141.774
617 9 true 3 3 124.33
618 9 true 3 3 140.766
619 9 true 3 3 139.962
620 9 true 3 3 123.806
621 9 true 3 3 141.425
622 9 true 3 3 126.479
624 9 true 3 3 134.177
625 9 true 3 3 140.28
626 9 true 3 3 142.265
628 9 true 3 3 148.783
629 9 true 3 3 134.572
631 9 false 0 3 82.04
632 9 true 3 3 121.529
633 9 false 0 3 26.8001
634 9 true 3 3 122.31
635 9 true 3 3 145.446
636 9 true 3 3 149.758
637 9 true 3 3 133.871
638 9 true 3 3 139.784
639 9 true 3 3 130.329
640 9 true 3 3 129.583
641 9 true 3 3 137.343
642 9 true 3 3 134.538
643 9 true 3 3 124.445
644 9 true 3 3 141.321
645 9 true 3 5 165.15
646 9 true 3 3 139.597
647 9 true 3 3 137.101
648 9 true 3 3 127.024
649 9 true 3 3 124.68
650 9 true 3 3 139.787
651 9 true 3 3 133.489
652 9 true 3 4 126.734
653 9 false 0 3 34.2795
654 9 true 3 3 124.648
656 9 true 3 4 131.346
657 9 true 3 3 138.076
658 9 true 3 4 112.545
659 9 true 3 3 134.957
660 9 false 1 3 25.8533
661 9 true 3 3 137.124
663 9 true 3 3 134.237
664 9 true 3 3 135.471
666 9 true 3 3 131.598
667 9 true 3 3 133.772
668 9 true 3 3 129.772
669 9 true 3 3 129.019
670 9 true 3 3 129.686
671 9 true 3 3 142.287
672 9 true 3 3 136.933
673 9 true 3 3 139.987
674 9 true 3 3 135.529
675 9 true 3 3 131.824
677 9 true 3 3 136.733
678 9 true 3 3 130.973
680 9 true 3 4 120.464
682 9 false 2 3 68.4654
683 9 true 3 3 135.37
684 9 true 3 3 123.256
685 9 true 3 3 128.839
686 9 true 3 3 126.021
687 9 true 3 3 137.762
688 9 true 3 3 140.404
689 9 false 2 4 103.37
690 9 true 3 3 131.11
691 9 true 3 3 123.38
692 9 true 3 4 149.501
694 9 true 3 4 144.198
695 9 false 0 3 31.7055
696 9 true 3 3 127.852
698 9 true 3 3 133.3
699 9 true 3 3 135.469
700 9 true 3 3 140.652
701 9 true 3 3 141.009
702 9 true 3 3 125.53
703 9 true 3 3 133.052
704 9 true 3 3 128.541
705 9 true 3 3 134.297
706 9 true 3 3 134.25
707 9 false 0 3 27.451
708 9 true 3 3 124.768
709 9 true 3 3 127.391
710 9 true 3 3 130.037
711 9 true 3 3 141.903
713 9 true 3 3 134.495
714 9 true 3 3 129.127
715 9 true 3 3 141.932
716 9 true 3 3 132.637
718 9 true 3 3 156.565
719 9 true 3 4 123.016
720 9 true 3 3 133.713
721 9 false 0 3 65.2953
722 9 false 2 3 73.6662
723 9 true 3 4 169.617
725 9 true 3 3 124.28
726 9 true 3 3 131.297
727 9 true 3 4 130.444
728 9 true 3 3 144.231
729 9 true 3 3 125.678
730 9 true 3 3 136.872
731 9 true 3 3 130.971
732 9 true 3 3 129.976
733 9 true 3 3 126.937
734 9 true 3 3 121.825
735 9 true 3 4 130.472
736 9 true 3 3 133.523
737 9 true 3 3 129.826
738 9 true 3 3 129.067
739 9 true 3 4 172.166
740 9 true 3 4 169.691
741 9 true 3 4 118.404
742 9 true 3 3 126.625
743 9 true 3 3 129.658
744 9 true 3 3 134.52
745 9 true 3 3 141.948
746 9 true 3 3 136.934
747 9 true 3 3 124.103
748 9 true 3 3 140.989
750 9 true 3 3 120.498
752 9 true 3 3 124.776
753 9 true 3 3 122.102
754 9 true 3 3 129.822
755 9 true 3 3 126.679
756 9 true 3 3 128.342
757 9 true 3 3 139.927
758 9 true 3 3 129.386
759 9 true 3 3 125.894
760 9 true 3 3 137.571
761 9 true 3 3 129.26
762 9 true 3 4 139.049
764 9 true 3 3 136.83
765 9 true 3 3 149.956
766 9 true 3 4 130.128
767 9 true 3 3 131.278
769 9 true 3 5 121.986
770 9 true 3 3 151.67
771 9 true 3 3 142.433
772 9 true 3 4 110.408
773 9 true 3 3 135.505
774 9 true 3 3 132.301
775 9 true 3 3 136.843
776 9 true 3 3 137.846
777 9 true 3 3 133.903
778 9 true 3 3 134.119
779 9 false 0 3 25.3682
780 9 true 3 3 133.681
782 9 true 3 3 122.047
783 9 true 3 5 132.61
784 9 true 3 3 132.428
785 9 true 3 3 141.072
786 9 true 3 3 125.427
787 9 true 3 3 142.085
789 9 true 3 3 129.875
790 9 true 3 3 135.972
791 9 true 3 3 140.103
792 9 true 3 3 135.548
793 9 true 3 3 131.594
794 9 true 3 3 147.877
795 9 true 3 3 138.251
796 9 true 3 3 136.063
797 9 true 3 3 133.678
798 9 true 3 3 134.333
800 9 true 3 3 126.845
801 9 true 3 3 125.904
802 9 true 3 4 137.368
803 9 false 1 3 48.442
804 9 true 3 3 124.066
805 9 true 3 3 127.55
806 9 false 1 3 26.2667
807 9 true 3 3 123.72
808 9 true 3 3 144.733
809 9 true 3 3 122.209
810 9 true 3 3 131.287
811 9 true 3 3 132.058
812 9 true 3 3 144.527
813 9 true 3 3 132.119
814 9 true 3 3 125.465
815 9 true 3 3 138.78
816 9 true 3 4 116.968
817 9 true 3 3 138.299
818 9 false 0 3 31.1596
820 9 true 3 3 138.961
821 9 true 3 3 134.531
822 9 true 3 3 131.057
823 9 true 3 3 134.833
824 9 true 3 3 126.743
825 9 true 3 3 99.8184
827 9 true 3 3 134.809
828 9 true 3 3 130.235
830 9 true 3 4 134.954
831 9 true 3 3 127.011
832 9 true 3 3 122.285
833 9 true 3 3 141.565
834 9 true 3 3 133.54
836 9 true 3 3 134.561
837 9 true 3 3 137.077
838 9 false 1 3 35.1018
839 9 true 3 3 133.66
840 9 true 3 4 125.352
841 9 true 3 3 138.603
842 9 true 3 3 124.232
843 9 true 3 3 134.396
844 9 true 3 3 138.555
845 9 true 3 3 131.84
846 9 true 3 3 137.279
847 9 true 3 3 135.578
849 9 true 3 3 132.076
850 9 false 1 3 27.7003
851 9 false 2 3 69.0026
852 9 true 3 3 143.173
853 9 false 1 3 25.5117
854 9 false 2 3 115.805
855 9 true 3 3 116.804
856 9 true 3 3 130.158
857 9 true 3 3 130.547
858 9 false 1 3 62.9356
859 9 true 3 3 120.615
860 9 true 3 3 132.888
861 9 true 3 3 136.701
862 9 true 3 3 123.391
863 9 true 3 3 139.307
864 9 true 3 4 116.728
865 9 true 3 4 114.385
866 9 true 3 4 114.005
867 9 true 3 3 147.467
868 9 true 3 3 136.519
870 9 true 3 4 156.751
871 9 true 3 3 131.086
872 9 true 3 3 120.882
873 9 true 3 3 133.006
874 9 true 3 3 138.732
875 9 true 3 4 110.929
876 9 true 3 4 133.118
877 9 false 1 3 25.2652
878 9 true 3 4 141.666
879 9 true 3 4 149.136
880 9 false 1 3 25.6504
881 9 true 3 3 129.722
884 9 true 3 3 127.434
885 9 true 3 3 126.086
886 9 true 3 3 133.679
887 9 true 3 3 121.228
889 9 true 3 3 131.727
890 9 true 3 3 115.392
891 9 true 3 4 113.108
892 9 true 3 3 129.255
893 9 true 3 3 135.747
894 9 true 3 4 106.277
896 9 true 3 4 167.427
897 9 true 3 3 124.277
898 9 true 3 3 113.475
899 9 true 3 3 125.695
900 9 false 2 3 91.7953
901 9 true 3 3 120.998
902 9 true 3 3 138.339
903 9 true 3 3 138.479
904 9 true 3 3 129.28
905 9 true 3 3 130.441
907 9 true 3 3 136.654
908 9 true 3 3 128.763
909 9 true 3 4 111.715
910 9 true 3 3 122.94
911 9 false 1 3 55.35
912 9 true 3 3 132.348
913 9 true 3 3 130.742
914 9 true 3 4 130.04
915 9 true 3 3 126.675
916 9 false 1 4 29.4592
917 9 true 3 3 124.563
918 9 true 3 3 140.367
919 9 true 3 3 133.976
920 9 true 3 3 164.681
921 9 true 3 4 124.705
922 9 true 3 4 137.243
923 9 true 3 3 132.278
924 9 true 3 3 131.401
925 9 true 3 3 146.95
926 9 true 3 3 129.159
927 9 true 3 3 132.588
928 9 true 3 3 141.645
929 9 true 3 3 138.264
930 9 true 3 3 131.676
931 9 true 3 3 124.611
932 9 true 3 3 150.881
933 9 true 3 3 134.015
934 9 true 3 3 135.91
935 9 true 3 3 146.476
936 9 true 3 3 139.391
937 9 false 1 3 26.361
938 9 true 3 3 143.117
939 9 true 3 3 134.585
940 9 true 3 4 118.906
941 9 true 3 3 137.694
942 9 false 2 4 120.796
944 9 true 3 3 110.068
945 9 true 3 3 127.746
946 9 true 3 3 119.163
947 9 true 3 4 125.36
948 9 true 3 3 148.727
949 9 true 3 3 130.146
951 9 true 3 3 131.354
952 9 true 3 3 131.67
953 9 true 3 3 137.489
954 9 true 3 3 141.285
955 9 true 3 4 162.667
956 9 true 3 3 131.661
957 9 true 3 3 144.845
958 9 true 3 3 137.188
959 9 true 3 4 127.668
960 9 true 3 3 135.257
961 9 true 3 3 124.941
962 9 true 3 3 121.928
963 9 true 3 3 150.802
964 9 true 3 3 126.558
965 9 true 3 3 122.045
966 9 true 3 3 140.122
967 9 true 3 3 139.329
968 9 true 3 3 126.92
969 9 true 3 3 148.639
970 9 true 3 3 127.469
971 9 false 1 4 44.8043
972 9 true 3 3 128.814
973 9 true 3 3 139.957
974 9 true 3 3 130.268
975 9 true 3 3 153.228
976 9 true 3 5 121.541
977 9 true 3 4 128.011
978 9 true 3 3 127.553
979 9 true 3 3 127.697
980 9 true 3 3 122.404
981 9 true 3 3 125.789
982 9 true 3 3 129.071
983 9 true 3 4 109.883
985 9 true 3 3 132.696
986 9 true 3 3 136.644
987 9 true 3 3 134.074
988 9 true 3 3 140.534
989 9 true 3 3 127.742
990 9 true 3 4 146.315
991 9 true 3 3 136.95
992 9 true 3 3 132.069
993 9 true 3 3 133.414
994 9 true 3 3 140.337
995 9 true 3 3 135.927
996 9 true 3 3 119.851
997 9 true 3 3 140.392
999 9 true 3 3 130.904
0 12 true 3 3 130.865
1 12 true 3 5 148.255
4 12 true 3 4 167.012
5 12 true 3 3 122.485
6 12 true 3 3 127.151
7 12 true 3 3 131.892
9 12 true 3 3 137.291
10 12 true 3 3 118.134
11 12 true 3 3 127.029
13 12 true 3 3 134.273
14 12 true 3 3 139.343
15 12 false 1 3 34.5113
16 12 true 3 3 122.243
17 12 true 3 3 141.785
18 12 true 3 3 123.832
19 12 true 3 3 135.752
20 12 true 3 3 126.933
21 12 true 3 3 129.724
22 12 true 3 3 132.384
23 12 true 3 4 134.284
24 12 true 3 3 145.812
25 12 true 3 3 120.896
26 12 true 3 3 124.084
27 12 true 3 3 124.716
28 12 false 1 3 55.1906
29 12 false 1 4 28.7389
31 12 true 3 4 129.3
32 12 true 3 3 129.62
33 12 true 3 3 137.459
34 12 true 3 3 136.478
